  -1.7049756e+02  -1.9500157e+01   1.7971227e-01
  -1.7031077e+02  -1.9500155e+01   3.6650221e-01
  -1.7002256e+02  -1.9500157e+01   6.5470997e-01
  -1.6970073e+02  -1.9500153e+01   9.7672733e-01
  -1.6947783e+02  -1.9500156e+01   1.1996330e+00
  -1.6921002e+02  -1.9500152e+01   1.4674462e+00
  -1.6899381e+02  -1.9500157e+01   1.6836499e+00
  -1.6899381e+02  -1.9255080e+01   1.9287273e+00
  -1.6899381e+02  -1.9016794e+01   2.1670132e+00
  -1.6899381e+02  -1.8758356e+01   2.4254509e+00
  -1.6899381e+02  -1.8502051e+01   2.6817561e+00
  -1.6924584e+02  -1.8502056e+01   2.9337804e+00
  -1.6943953e+02  -1.8502051e+01   3.1274748e+00
  -1.6978406e+02  -1.8502058e+01   3.4720019e+00
  -1.6993018e+02  -1.8502057e+01   3.6181242e+00
  -1.7028368e+02  -1.8502052e+01   3.9716208e+00
  -1.7049756e+02  -1.8502051e+01   4.1855037e+00
  -1.7049756e+02  -1.8720151e+01   4.4036037e+00
  -1.7049756e+02  -1.9064080e+01   4.7475328e+00
  -1.7049759e+02  -1.9187801e+01   4.8712538e+00
